**Mesh
geom_mode = MODE_CYL
size = (507, 111, 1)
origo = (-0.175, 0, 0)
max = (0.331, 0.11, 0)
h = 0.001
**MeshVectorField
extrpl = (0, 0, 0, 0, 0, 0)
F[0] = (0, 0.03284, 0.065561, 0.098162, 0.13064, 0.163, 0.19537, 0.22776, 0.25996, 0.29178, ... )
F[1] = (-0, -0, -0, -0, -0, -0, -0, -0, -0, -0, ... )
F[2] = NULL
